686 5
4.5459 8.1674 -2.4586 -1.4621 -1.4379528029708304
3.4566 9.5228 -4.0112 -3.5944 -20.503526390862234
4.3684 9.6718 -3.9606 -3.1625 20.103983582990658
2.0922 -6.81 8.4636 -0.60216 -25.87169191839229
1.5356 9.1772 -2.2718 -0.73535 -14.369262348135619
3.9899 -2.7066 2.3946 0.86291 -24.33972154936919
-1.5768 10.843 2.5462 -2.9362 17.652241278283242
4.6765 -3.3895 3.4896 1.4771 -20.58266171233958
0.80355 2.8473 4.3439 0.6017 -0.15884598574587727
5.2423 11.0272 -4.353 -4.1013 27.735735673288595
0.3292 -4.4552 4.5718 -0.9888 16.560253567486726
0.93584 8.8855 -1.6831 -1.6599 -11.667446129973406
0.7057 -5.4981 8.3368 -2.8715 -7.406901700775855
-0.38214 8.3909 2.1624 -3.7405 -5.365179258582707
4.8906 -3.3584 3.4202 1.0905 8.836285965217535
1.4884 3.6274 3.308 0.48921 14.408112243815232
-0.96511 9.4111 1.7305 -4.8629 -14.070700245264224
2.4391 6.4417 -0.80743 -0.69139 -13.925533091862786
3.6289 0.81322 1.6277 0.77627 -11.11625843242744
3.4805 9.7008 -3.7541 -3.4379 -9.217873822537431
-0.2062 9.2207 -3.7044 -6.8103 9.292297204537576
0.96441 5.8395 2.3235 0.066365 11.335118914784644
-0.7869 9.5663 -3.7867 -7.5034 -6.6291127202270275
-0.7869 9.5663 -3.7867 -7.5034 -22.57067199863591
1.6349 3.286 2.8753 0.087054 16.898063765576893
5.262 3.9834 -1.5572 1.0103 21.35135117239971
2.549 6.1499 -1.1605 -1.2371 -6.261432471572277
4.8265 0.80287 1.6371 1.1875 -18.02382884322277
5.807 5.0097 -2.2384 0.43878 26.50784502689652
-0.78289 11.3603 -0.37644 -7.0495 -4.10790585904682
0.49665 5.527 1.7785 -0.47156 8.147269637501353
1.7939 -1.1174 1.5454 -0.26079 -28.397923049580346
2.5367 2.599 2.0938 0.20085 18.04795733273209
2.4235 9.5332 -3.0789 -2.7746 -18.60133279568086
0.12326 8.9848 -0.9351 -2.4332 -27.989521687927677
4.1373 0.49248 1.093 1.8276 10.830064797706626
4.1654 -3.4495 3.643 1.0879 -10.168375156421014
2.3066 3.5364 0.57551 0.41938 -3.703817534606742
0.049175 6.1437 1.7828 -0.72113 -22.66040809591962
1.1317 3.9647 3.3979 0.84351 -1.2292000825894078
4.4682 2.2907 0.95766 0.83058 17.01185637020717
1.8664 7.7763 -0.23849 -2.9634 -14.629185456115918
4.0296 2.6756 0.80685 0.71679 24.973433117353544
0.87603 6.8141 0.84198 -0.17156 -20.87695648090505
3.8027 0.81529 2.1041 1.0245 14.244363827990284
4.0632 3.584 0.72545 0.39481 -3.7301877085694244
2.4486 -6.3175 7.9632 0.20602 -29.1105695298125
-0.64472 -4.6062 8.347 -2.7099 22.759918108705058
2.1616 -6.8804 8.1517 -0.081048 0.35601062823175056
-2.7419 11.4038 2.5394 -5.5793 -16.676487746079406
4.5597 -2.4211 2.6413 1.6168 15.6936200573397
3.3397 -4.6145 3.9823 -0.23751 -0.9783978626267178
3.5438 1.2395 1.997 2.1547 -23.781662612908427
-1.8584 7.886 -1.6643 -1.8384 26.349841236484465
2.9163 10.8306 -3.3437 -4.122 8.396519056490796
1.518 5.6946 0.094818 -0.026738 1.9876933410794422
4.2188 6.8162 -1.2804 0.76076 -3.485217380227322
2.5331 2.9135 -0.822 -0.12243 -22.90323044005362
2.108 6.7955 -0.1708 0.4905 14.955559033675954
0.9297 -3.7971 4.6429 -0.2957 -12.193315562832826
4.0713 10.4023 -4.1722 -4.7582 -16.12906539222906
-1.5075 1.9224 7.1466 0.89136 5.867501065186872
2.994 7.2011 -1.2153 0.3211 -4.941214869842135
3.7818 -2.8846 2.2558 -0.15734 -16.445557160022826
3.4663 1.1112 1.7425 1.3388 -9.773236310179893
5.1302 8.6703 -2.8913 -1.5086 -19.525411267424623
0.4339 5.5395 2.033 -0.40432 21.528730228796007
4.1605 11.2196 -3.6136 -4.0819 -7.565928053745733
5.032 8.2026 -2.6256 -1.0341 -2.1235361170523177
-0.2062 9.2207 -3.7044 -6.8103 -24.812824461462405
1.7317 -0.34765 4.1905 -0.99138 -3.462658682192753
3.9232 -3.2467 3.4579 0.83705 -20.040710841093365
0.5195 -3.2633 3.0895 -0.9849 26.5712096907316
1.7496 -0.1759 5.1827 1.2922 -13.792552782076687
2.7391 7.4018 0.071684 -2.5302 10.49446950751097
-1.7599 11.9211 2.6756 -3.3241 12.274918596627543
3.4591 11.112 -4.2039 -5.0931 5.843686324018094
2.486 -0.99533 5.3404 -0.15475 27.36344559455874
3.9479 -3.7723 2.883 0.019813 -16.478204914924305
1.3566 4.2358 2.1341 0.3211 12.331249480721517
3.5499 8.6165 -3.2794 -1.2009 -9.519920092282014
2.4008 9.3593 -3.3565 -3.3526 -8.515327122595519
4.1927 -3.2674 2.5839 0.21766 4.763804763089318
1.0235 6.901 -2.0062 -2.7125 -26.829631204451136
0.11739 6.2761 -1.5495 -2.4746 12.056608528069972
4.0552 -2.4583 2.2806 1.0323 -3.2622358521800408
-1.1193 10.7271 2.0938 -5.6504 -28.647522798656894
3.583 -3.7971 3.4391 -0.12501 28.72858736916755
3.6582 5.6864 -1.7157 -0.23751 -22.83799125954552
2.3925 9.798 -3.0361 -2.8224 -22.12046473748464
-0.11783 -1.5789 8.03 -0.028031 -29.902656371162973
2.9421 7.4101 -0.97709 -0.88406 -23.428339221368127
-1.2537 10.8803 1.931 -4.3237 7.696092724921549
1.8314 6.3672 -0.036278 0.049554 1.8133616417856722
2.7365 -5.0325 6.6608 -0.57889 3.251399682624921
3.9663 10.1684 -4.1131 -4.6056 -4.376202768741216
4.8272 3.0687 0.68604 0.80731 17.59981444338436
-1.8584 7.886 -1.6643 -1.8384 -4.172149190375066
1.9157 6.0816 0.23705 -2.0116 -4.033668619714131
5.8862 5.8747 -2.8167 -0.30087 -0.13579686933779556
4.0026 -3.5943 3.5573 0.26809 14.520308881231742
4.1757 10.2615 -3.8552 -4.3056 -5.045344062459574
4.8077 2.2327 -0.26334 1.5534 27.960175023855307
2.5605 9.2683 -3.5913 -1.356 -24.110205191018405
2.1721 -0.73874 5.4672 -0.72371 15.06463243443433
3.5156 10.1891 -4.2759 -4.978 -0.815538084762796
0.68087 2.3259 4.9085 0.54998 25.781400637103225
6.0919 2.9673 -1.3267 1.4551 -28.522469302876996
1.3264 1.0326 5.6566 -0.41337 13.92498782178157
-1.3 10.2678 -2.953 -5.8638 -17.299633589459162
2.4196 6.4665 -0.75688 0.228 -6.888453410763621
4.6464 10.5326 -4.5852 -4.206 4.2360472143300285
1.3562 3.2136 4.3465 0.78662 18.812682647447033
-2.6479 10.1374 -1.331 -5.4707 -26.571817935874527
5.4944 1.5478 0.041694 1.9284 25.683049341606846
-2.3361 11.9604 3.0835 -5.4435 -20.790177364458515
0.46901 -0.63321 7.3848 0.36507 -21.579051061160534
2.0466 2.03 2.1761 -0.083634 0.21631665425369562
3.8905 -2.1521 2.6302 1.1047 8.510783884621006
2.3952 9.5083 -3.1783 -3.0086 -28.94784052186003
-1.3931 1.5664 7.5382 0.78403 3.9913347991391532
2.7744 6.8576 -1.0671 0.075416 -26.883576049221855
4.2134 -2.806 2.0116 0.67412 8.085101434526138
2.0597 -0.99326 5.2119 -0.29312 1.8185919715096972
1.0135 8.4551 -1.672 -2.0815 -29.64701601053104
0.57461 10.1105 -1.6917 -4.3922 -28.34380662722284
5.2868 3.257 -1.3721 1.1668 25.04319835630769
4.1425 -3.6792 3.8281 1.6297 19.14237804792146
2.2034 5.9947 0.53009 0.84998 14.337989906758551
3.0329 2.2948 2.1135 0.35084 3.6124782725994677
3.1557 2.8908 0.59693 0.79825 2.586130560943758
4.988 7.2052 -3.2846 -1.1608 -3.275570021625814
1.594 4.7055 1.3758 0.081882 -13.307425498008786
3.8496 9.7939 -4.1508 -4.4582 7.303861486579677
4.9342 2.4107 -0.17594 1.6245 -6.182749183417464
5.3915 9.9946 -3.8081 -3.3642 8.167587909667553
2.6946 6.7976 -0.40301 0.44912 -10.611785546212793
3.4312 6.2637 -1.9513 -0.36165 8.237380041256102
1.3638 -4.7759 8.4182 -1.8836 -5.721861643030415
1.9265 7.7557 -0.16823 -3.0771 -21.007884763072845
4.068 -2.9363 2.1992 0.50084 2.6032346756008877
0.3223 -0.89808 8.0883 0.69222 29.317602562765764
1.7747 -6.4334 8.15 -0.89828 -8.485472953695211
0.89606 10.5471 -1.4175 -4.0327 3.1515619870084564
3.2422 6.2265 0.12224 -1.4466 -2.46241106753817
-2.2153 11.9625 0.078538 -7.7853 18.156598873670674
1.934 -9.2828e-06 4.816 -0.33967 19.294623744584648
2.1464 6.0795 -0.5778 -2.2302 -15.491896192891396
1.2706 8.035 -0.19651 -2.1888 22.191527637842775
2.2928 9.0386 -3.2417 -1.2991 -14.951130628492814
2.9719 6.8369 -0.2702 0.71291 -27.790723669760272
-1.9177 11.6894 2.5454 -3.2763 19.639267564134983
1.0284 9.767 -1.3687 -1.7853 19.47423381526759
1.6032 -4.7863 8.5193 -2.1203 9.679742399949752
4.2478 7.6956 -2.7696 -1.0767 -24.27724653904111
5.0297 -4.9704 3.5025 -0.23751 6.916667440548451
2.1274 5.1939 -1.7971 -1.1763 -9.744704227557953
0.3292 -4.4552 4.5718 -0.9888 -16.284139689269182
2.6718 5.6574 0.72974 -1.4892 -20.597504251914074
2.9499 2.2493 1.3458 -0.037083 -10.964787264212458
3.7352 9.5911 -3.9032 -3.3487 -6.248281849438726
3.884 10.0277 -3.9298 -4.0819 -10.029302461463057
4.4549 2.4976 1.0313 0.96894 5.142158233646448
4.2164 9.4607 -4.9288 -5.2366 17.39136164964436
1.6988 2.9094 2.9044 0.11033 7.035100250262609
2.0421 1.2436 4.2171 0.90429 23.941557159424974
3.0009 5.8126 -2.2306 -0.66553 6.03223339986269
3.4667 -4.0724 4.2882 1.5418 -12.799948029629082
1.0191 2.33 4.9334 0.82929 11.38873444674065
1.8205 6.7562 0.0099913 0.39481 27.28883892415825
-1.1804 11.5093 0.15565 -6.8194 28.525241113120494
0.66018 10.3878 -1.4029 -3.9151 15.32332069404967
-1.8584 7.886 -1.6643 -1.8384 -24.822659625218385
3.3299 0.91254 1.5806 0.39352 15.70240049634726
-4.2859 8.5234 3.1392 -0.91639 -24.35827943177351
0.5195 -3.2633 3.0895 -0.9849 17.21649489294795
0.88872 5.3449 2.045 -0.19355 26.498207216424085
-0.21661 8.0329 1.8848 -3.8853 3.159759838537056
3.2051 8.6889 -2.9033 -0.7819 27.433953111690826
-2.3242 11.5176 1.8231 -5.375 12.83238715950062
3.3848 3.2674 0.90967 0.25128 -13.42049234776374
2.805 0.57732 1.3424 1.2133 -4.991014329492131
3.8999 1.734 1.6011 0.96765 12.61720242504289
3.2294 7.7391 -0.37816 -2.5405 2.0792098193787325
2.1948 1.3781 1.1582 0.85774 -15.96657949839367
4.1529 -3.9358 2.8633 -0.017686 -26.806773400309474
1.9105 8.871 -2.3386 -0.75604 9.868295004184887
0.58836 10.7727 -1.3884 -4.3276 8.784376288097349
-1.9922 11.6542 2.6542 -5.2107 -28.658621278773996
4.2772 2.4955 0.48554 0.36119 19.529741493043304
5.4188 10.1457 -4.084 -3.6991 -4.848790716505537
3.8117 10.1457 -4.0463 -4.5629 -19.666133721851505
2.3718 7.4908 0.015989 -1.7414 -5.233708626683928
4.6361 -2.6611 2.8358 1.1991 10.44403184173747
3.7982 10.423 -4.1602 -4.9728 -27.22017992593268
2.1265 6.8783 0.44784 -2.2224 -1.0933715545123697
3.7831 10.0526 -3.8869 -3.7366 -3.9468338155905442
1.2616 4.4303 -1.3335 -1.7517 -6.521421688729056
-0.39816 5.9781 1.3912 -1.1621 -24.79648778874104
2.9695 5.6222 0.27561 -1.1556 29.542275783186525
2.2123 -5.8395 7.7687 -0.85302 -7.412133368411812
3.0864 -2.5845 2.2309 0.30947 -26.576918439463352
0.58982 7.4266 1.2353 -2.9595 12.323663463229103
-0.062025 6.1975 1.099 -1.131 -12.776254254861602
0.64295 7.1018 0.3493 -0.41337 23.749662588967325
4.0047 0.45937 1.3621 1.6181 -1.4613998673617736
3.4769 -0.15314 2.53 2.4495 -12.009941495507984
3.8023 -3.8696 4.044 0.95343 -19.097789481293667
1.1518 1.3864 5.2727 -0.43536 -1.893579829923727
1.9572 -5.1153 8.6127 -1.4297 7.0734961924598
-1.1497 1.2954 7.701 0.62627 -10.525751580149358
-0.12196 8.8068 0.94566 -4.2267 -24.405403734567706
1.742 -4.809 8.2142 -2.0659 -13.451348087567133
-1.3 10.2678 -2.953 -5.8638 27.428766862310162
2.5503 -4.9518 6.3729 -0.41596 3.978348233303578
1.3087 4.9228 2.0013 0.22024 -14.443041320907085
2.229 9.6325 -3.1123 -2.7164 -25.48887264508359
1.2138 8.7986 -2.1672 -0.74182 16.1867606020908
0.5415 6.0319 1.6825 -0.46122 -9.927309265933474
4.7285 2.1065 -0.28305 1.5625 -5.309070377854219
0.86816 10.2429 -1.4912 -4.0082 -1.8402008518863582
3.6702 2.9942 0.85141 0.30688 19.772191513579934
3.1887 -3.4143 2.7742 -0.2026 -12.9529732436953
3.9121 2.9735 0.92852 0.60558 7.005691184681439
3.9414 -3.2902 3.1674 1.0866 17.057945123730036
5.681 7.795 -2.6848 -0.92544 -21.08195327346802
3.5761 9.7753 -3.9795 -3.4638 -4.137371381319888
2.6682 10.216 -3.4414 -4.0069 -27.671127857425397
0.64215 3.1287 4.2933 0.64696 0.9653468797986058
0.77445 9.0552 -2.4089 -1.3884 -1.5639445736603577
3.0948 8.7324 -2.9007 -0.96682 -28.38901993082606
-1.9458 11.2217 1.9079 -3.4405 -20.382809064956156
-2.6989 12.1984 0.67661 -8.5482 -17.990326064344835
2.9742 8.96 -2.9024 -1.0379 11.980575080770656
0.1848 6.5079 2.0133 -0.87242 -5.568929732627794
0.39559 6.8866 1.0588 -0.67587 20.210282530334652
2.8209 7.3108 -0.81857 -1.8784 -18.485498337106016
3.8213 0.23175 2.0133 2.0564 16.132178016077454
3.4893 6.69 -1.2042 -0.38751 -9.194594097341735
2.0962 2.4769 1.9379 -0.040962 -25.140768353725413
2.8261 9.4007 -3.3034 -1.0509 -8.628796630333042
0.96788 7.1907 1.2798 -2.4565 1.9481591521519164
3.6575 7.2797 -2.2692 -1.144 -26.630517477667976
3.4776 8.811 -3.1886 -0.92285 6.976702803108751
2.8237 2.8597 0.19678 0.57196 1.0618840766859954
3.0632 -3.3315 5.1305 0.8267 13.688832877718347
2.8084 11.3045 -3.3394 -4.4194 -0.5477663992463384
-0.12624 10.3216 -3.7121 -6.1185 -24.854166577009806
-0.048008 -1.6037 8.4756 0.75558 5.536437108042776
0.88444 6.5906 0.55837 -0.44182 -20.91656057754836
1.2999 2.5762 2.0107 -0.18967 -2.9690603214580733
4.9294 0.27727 0.20792 0.33662 26.993845959075472
2.565 8.633 -2.9941 -1.3082 23.370536900930922
4.6014 5.6264 -2.1235 0.19309 -17.449544463526635
-0.2951 9.0489 -0.52725 -2.0789 14.073704944129219
3.9433 2.5017 1.5215 0.903 -2.6596165627941204
5.9374 6.1664 -2.5905 -0.36553 28.13419105392535
5.8782 5.9409 -2.8544 -0.60863 11.293025662748931
1.762 4.3682 2.1384 0.75429 -12.430648624334445
3.4669 6.87 -1.0568 -0.73147 -17.261481082200113
0.81356 9.1566 -2.1492 -4.1814 2.7111047696484007
2.1319 -2.0403 2.5574 -0.061652 -28.322196114962747
1.2746 8.8172 -1.5323 -1.7957 -18.06116549231542
2.5328 7.528 -0.41929 -2.6478 9.596724093402486
-1.3885 12.5026 0.69118 -7.5487 25.13297280458019
3.3583 10.3567 -3.7301 -3.6991 -6.303969560055901
0.045304 6.7334 1.0708 -0.9332 -16.485685317266512
1.9476 -4.7738 8.527 -1.8668 3.3342943556232925
-0.10648 -0.76771 7.7575 0.64179 20.297905213403055
4.2475 1.4816 -0.48355 0.95343 20.771692252908572
3.6667 4.302 0.55923 0.33791 -12.116706065288906
-1.4217 11.6542 -0.057699 -7.1025 -10.042579837887303
4.1038 -4.8069 3.3491 -0.49225 -2.5776345376588665
3.4647 -3.9172 3.9746 0.36119 20.395895444889433
3.5288 0.71596 1.9507 1.9375 0.9706872635800643
3.534 9.3614 -3.6316 -1.2461 4.495187103849261
3.0672 -4.4117 3.8238 -0.81682 18.903031850006165
2.2893 3.733 0.6312 -0.39786 22.17812623355166
4.0405 0.51524 1.0279 1.106 25.44469398642284
2.0165 -0.25246 5.1707 1.0763 -5.134193555982101
-0.33729 -0.64976 7.6659 0.72326 28.863540153311305
4.1195 10.9258 -3.8929 -4.1802 -0.19995090040958985
1.5701 7.9129 0.29018 -2.1953 -4.252769941814929
5.0214 8.0764 -3.0515 -1.7155 11.192343993093083
1.8238 -6.7748 8.3873 -0.54139 19.350618639519098
2.2517 -5.1422 4.2916 -1.2487 0.8498629391912829
2.8521 9.171 -3.6461 -1.2047 15.562441605129138
2.6104 8.0081 -0.23592 -1.7608 -1.568849545784662
3.8962 -4.7904 3.3954 -0.53751 -3.861299232128271
1.1588 8.9331 -2.0807 -1.1272 -23.395585912890105
-1.9667 11.8052 -0.40472 -7.8719 24.316534859740585
2.3678 -6.839 8.4207 -0.44829 29.421574029459165
4.3398 -5.3036 3.8803 -0.70432 -21.633695780266798
1.4276 8.3847 -2.0995 -1.9677 2.14861730626329
0.93611 8.6413 -1.6351 -1.3043 -1.5545509310142442
1.5268 -5.5871 8.6564 -1.722 8.539007103820353
-2.7914 1.7734 6.7756 -0.39915 -17.020032812683894
3.1836 7.2321 -1.0713 -2.5909 18.523756572172573
5.6084 10.3009 -4.8003 -4.3534 9.87595777779159
3.9292 -2.9156 2.2129 0.30817 3.130835485791849
2.5581 2.6218 1.8513 0.40257 -20.171953568241676
3.7635 2.7811 0.66119 0.34179 11.85815291967598
1.0652 8.3682 -1.4004 -1.6509 -7.305541829146911
5.7456 10.1808 -4.7857 -4.3366 13.089340542006056
3.4092 5.4049 -2.5228 -0.89958 9.843760545046038
3.8197 8.9951 -4.383 -4.0327 23.605317046617905
4.9249 0.68906 0.77344 1.2095 8.340913253054907
-0.2062 9.2207 -3.7044 -6.8103 6.650165163922296
-0.278 8.1881 -3.1338 -2.5276 -29.529254707358977
0.56953 7.6294 1.5754 -3.2233 24.105541865038397
3.3951 1.1484 2.1401 2.0862 16.606635943172336
3.7758 7.1783 -1.5195 0.40128 7.4488771581597035
4.0948 -2.9674 2.3689 0.75429 -18.43771074492884
2.0153 0.43661 4.5864 -0.3151 12.59184573873101
3.757 -5.4236 3.8255 -1.2526 -14.885424091071812
1.8994 0.97462 4.2265 0.81377 -28.71854143118576
4.4295 -2.3507 1.7048 0.90946 -22.09822972911554
1.8967 -2.5163 2.8093 -0.79742 18.442830298914735
3.3004 7.0811 -1.3258 0.22283 20.444285854425637
3.8846 -3.0336 2.5334 0.20214 15.257073587023058
0.94225 5.8561 1.8762 -0.32544 -28.775055795765002
0.38251 6.8121 1.8128 -0.61251 -7.714565977665131
2.9233 6.0464 -0.11168 -0.58665 -27.12512749609799
3.7791 2.5762 1.3098 0.5655 0.41750619558062496
-0.38388 -1.0471 8.0514 0.49567 -7.8712573552405765
2.9571 -4.5938 5.9068 0.57196 -13.836783729316465
3.3577 -4.3062 6.0241 0.18274 2.0005473878934765
2.6562 10.7044 -3.3085 -4.0767 -3.0037088798841545
-0.278 8.1881 -3.1338 -2.5276 3.4749465106051716
2.1881 2.7356 1.3278 -0.1832 26.475168575099794
-0.11996 6.8741 0.91995 -0.6694 -26.595057457259912
3.7798 -3.3109 2.6491 0.066365 -19.759293722838493
1.8373 6.1292 0.84027 0.55257 10.960264002464562
-0.048008 -0.56078 7.7215 0.453 27.06081187414396
4.3634 0.46351 1.4281 2.0202 19.455322049888174
0.51947 -3.2633 3.0895 -0.98492 25.238694731121264
-1.8348 11.0334 3.1863 -4.8888 -12.961120382576738
-0.16682 5.8974 0.49839 -0.70044 -25.748177475784416
0.25035 9.3262 -3.6873 -6.2543 -29.107434435560997
0.77805 6.6424 -1.1425 -1.0573 -7.0472554208069695
2.2429 -4.1427 5.2333 -0.40173 27.378268605204013
4.3365 -3.584 3.6884 0.74912 6.906139510626183
4.0715 7.6398 -2.0824 -1.1698 22.647074527585886
-0.53966 7.3273 0.46583 -1.4543 -28.261964334528162
3.0242 -3.3378 2.5865 -0.54785 15.678226650059159
0.5706 -0.0248 1.2421 -0.5621 2.4772333995843567
1.5478 9.1814 -1.6326 -1.7375 -29.155928947382485
0.49571 10.2243 -1.097 -4.0159 11.829851323092583
3.6077 6.8576 -1.1622 0.28231 -24.32431619556509
3.9166 10.2491 -4.0926 -4.4659 13.437430017301075
5.591 10.4643 -4.3839 -4.3379 7.548181335746953
1.3114 4.5462 2.2935 0.22541 -28.849714145894488
4.364 -3.1039 2.3757 0.78532 -14.884914168619549
4.65 -4.8297 3.4553 -0.25174 18.472976814021877
3.2692 3.4184 0.20706 -0.066824 10.80392045042123
1.7257 -4.4697 8.2219 -1.8073 -9.918544965877139
4.0962 10.1891 -3.9323 -4.1827 -19.739865457675243
3.4916 8.5709 -3.0326 -0.59182 -9.126937778561047
2.9856 7.2673 -0.409 -2.2431 8.292183877406288
1.7748 -0.76978 5.5854 1.3039 -19.848241288244903
-0.45062 -1.3678 7.0858 -0.40303 -15.173148529711451
0.74841 7.2756 1.1504 -0.5388 22.15601747357917
3.6181 -3.7454 2.8273 -0.71208 -0.281133906652137
-2.6479 10.1374 -1.331 -5.4707 20.333242207051484
-0.95923 0.091039 6.2204 -1.4828 -4.090994507024188
1.0182 9.109 -0.62064 -1.7129 18.23550796076738
3.8244 -3.1081 2.4537 0.52024 -23.015368692884334
3.5358 6.7086 -0.81857 0.47886 -13.378434480439758
4.1542 7.2756 -2.4766 -1.2099 16.279550384551428
1.8216 -6.4748 8.0514 -0.41855 -4.19266298416316
3.5862 -3.0957 2.8093 0.24481 -10.224841963780516
4.7926 1.7071 -0.051701 1.4926 1.7759171266439395
0.75736 3.0294 2.9164 -0.068117 14.422998547511106
-0.023579 7.1742 0.78457 -0.75734 19.922123358555915
0.88298 0.66009 6.0096 -0.43277 2.716055355962979
2.2546 8.0992 -0.24877 -3.2698 -18.26827836263657
3.1541 -5.1711 6.5991 0.57455 -7.557794458715822
4.7114 2.0755 -0.2702 1.2379 14.611977954040881
2.6606 3.1681 1.9619 0.18662 22.52990638687227
0.01727 8.693 1.3989 -3.9668 1.2994099426488788
2.2504 3.5757 0.35273 0.2836 18.460701330893777
0.39012 -0.14279 -0.031994 0.35084 -17.563378306745285
-3.8483 -12.8047 15.6824 -1.281 -19.976499217353606
-2.2804 -0.30626 1.3347 1.3763 -15.956996568282552
-0.89409 3.1991 -1.8219 -2.9452 -6.406815357363978
-0.9854 -6.661 5.8245 0.5461 4.881594190365227
-1.5252 -6.2534 5.3524 0.59912 23.849943693163965
-0.36506 2.8928 -3.6461 -3.0603 19.183234292801693
-1.8215 2.7521 -0.72261 -2.353 -19.70879879871893
-1.8187 -9.0366 9.0162 -0.12243 25.853197234187036
-1.8219 -6.8824 5.4681 0.057313 -28.545870494597892
0.47368 3.3605 -4.5064 -4.0431 -3.310692682999207
-1.6662 -0.30005 1.4238 0.024986 -1.9184507902244512
-2.6685 -10.4519 9.1139 -1.7323 13.762170248598622
1.0552 1.1857 -2.6411 0.11033 4.619921352601196
-4.4779 7.3708 -0.31218 -6.7754 -25.936468691058785
-2.286 -5.4484 5.8039 0.88231 10.088705528324624
0.50813 0.47799 -1.9804 0.57714 25.433904009186293
0.81583 4.84 -5.2613 -6.0823 3.0904834888054395
-3.2238 2.7935 0.32274 -0.86078 13.478166857071244
-0.91318 -2.0113 -0.19565 0.066365 -3.1769909492341313
0.91315 3.3377 -4.0557 -1.6741 -5.345132743484708
-3.6085 3.3253 -0.51954 -3.5737 -0.5319239152843345
-4.2932 3.3419 0.77258 -0.99785 8.42561306293539
-1.7015 -0.010356 -0.99337 -0.53104 -15.591620410290263
-0.86339 1.9348 -2.3729 -1.0897 14.880517764092978
-2.1333 1.5685 -0.084261 -1.7453 11.15647647694879
-3.1128 -6.841 10.7402 -1.0172 -9.996238358352127
-2.588 3.8654 -0.3336 -1.2797 -22.02165118245886
-1.5322 -5.0966 6.6779 0.17498 10.895993499550926
-4.0173 -8.3123 12.4547 -1.4375 -19.096253796951203
-1.979 3.2301 -1.3575 -2.5819 18.612543224583256
-2.234 -7.0314 7.4936 0.61334 26.985468479932536
-3.8073 -8.0971 10.1772 0.65084 18.284942969315367
-2.2482 3.0915 -2.3969 -2.6711 8.01569867585188
-0.39416 -0.020702 -0.066267 -0.44699 -25.310724812506066
-2.8267 -9.0407 9.0694 -0.98233 11.895561358979194
-0.94255 0.039307 -0.24192 0.31593 -14.136191314428455
-6.2815 6.6651 0.52581 -7.0107 6.799548197823043
-1.3414 -2.0776 2.8093 0.60688 -23.044392327067794
-3.8858 -12.8461 12.7957 -3.1353 -27.838849579362734
-0.52645 -0.24832 -0.45613 0.41938 7.802630797031284
-3.8826 4.898 -0.92311 -5.0801 17.909307197412886
-2.4824 -7.3046 6.839 -0.59053 -9.089532530858946
-0.60975 -4.002 1.8471 0.6017 -16.823770833334812
0.60731 3.9544 -4.772 -4.4853 -25.864865933527184
-3.1366 0.42212 2.6225 -0.064238 -23.856307319276965
-1.8782 -6.5865 4.8486 -0.021566 -4.128334137849148
1.296 4.2855 -4.8457 -2.9013 16.940086003192263
-5.873 9.1752 -0.27448 -6.0422 17.194023733736152
-2.3797 -1.4402 1.1273 0.16076 6.991791051175291
0.20216 1.9182 -3.2828 -0.61768 5.207945997968999
-0.77995 3.2322 -3.282 -3.1004 -12.290174873795948
-6.5084 8.7696 0.23191 -3.937 -29.27993470903172
-3.3125 0.10139 0.55323 -0.2957 0.3333097232756437
-0.75793 2.5349 -3.0464 -1.2629 6.840896589885283
-2.2173 1.4671 -0.72689 -1.1724 7.846737602626533
-1.8629 -0.84841 2.5377 0.097399 -5.591014813298123
-5.1216 -5.3118 10.3846 -1.0612 9.163115813653548
-0.56877 1.4174 -1.4252 -1.1246 -20.184552949145786
-4.4861 -13.2889 17.3087 -3.2194 -5.747043270801914
-3.3604 -0.32696 2.1324 0.6017 -15.815133043914056
0.030219 -1.0512 1.4024 0.77369 -9.747043605441917
-3.2692 -12.7406 15.5573 -0.14182 21.259120752260507
-1.3066 0.25244 0.7623 1.7758 25.54006248883647
-0.55008 2.8659 -1.6488 -2.4319 17.567527890678242
-0.77288 -7.4473 6.492 0.36119 14.83988779835579
-0.63298 -5.1277 4.5624 1.4797 28.952114657785863
-0.28696 3.1784 -3.5767 -3.1896 16.474761956255563
-1.4446 2.1438 -0.47241 -1.6677 28.48101093876967
-1.5449 -10.1498 9.6152 -1.2332 3.013210399919018
-0.81479 -5.7381 4.3919 0.3211 -10.63964851080204
0.74521 3.6357 -4.4044 -4.1414 9.027972515755138
-1.3907 -1.3781 2.3055 -0.021566 -25.445294742624398
-1.7322 -9.2828 7.719 -1.7168 13.17619531596069
2.031 1.852 -3.0121 0.003003 -25.344430824139422
-4.2249 6.2699 0.15822 -5.5457 7.923387141361914
-1.749 -6.332 6.0987 0.14266 22.941056595049318
1.5631 0.89599 -1.9702 0.65472 1.1734615346685864
0.89512 4.7738 -4.8431 -5.5909 3.158179853398792
-2.8833 1.7713 0.68946 -0.4638 -8.621339614197787
0.4283 -0.94981 -1.0731 0.3211 0.6008697560175094
1.7425 3.6833 -4.0129 -1.7207 12.786122465781546
-3.6227 3.9958 -0.35845 -3.9047 2.010323873354963
-3.9172 2.6652 0.78886 -0.7819 25.294601894831878
-0.49241 0.89392 -1.6283 -0.56854 -11.527298532996298
-0.10234 1.8189 -2.2169 -0.56725 19.745950774503527
-1.8448 1.254 0.27218 -1.0728 0.565049229956248
-2.902 -7.6563 11.8318 -0.84268 23.174514696603254
-2.0529 3.8385 -0.79544 -1.2138 -18.45793198681161
-1.7279 -6.841 8.9494 0.68058 -27.419925896310613
-3.1273 -7.1121 11.3897 -0.083634 -24.4353337773642
-1.7697 3.4329 -1.2144 -2.3789 -13.635642017234908
-1.682 -6.8121 7.1398 1.3323 -29.347258138172457
-3.1158 -8.6289 10.4403 0.97153 -17.497549205278126
-1.6936 2.7852 -2.1835 -1.9276 19.90335210279023
-0.092194 0.39315 -0.32846 -0.13794 5.907173532725437
-2.2083 -9.1069 8.9991 -0.28406 3.0458563641729626
-0.51003 -0.23591 0.020273 0.76334 -18.548880804712123
-6.3979 6.4479 1.0836 -6.6176 9.884917761643273
-1.1859 -1.2519 2.2635 0.77239 11.486221214646584
-3.3863 -12.9889 13.0545 -2.7202 25.59575361805139
-0.21394 -0.68287 0.096532 1.1965 -21.729623465694665
-3.8167 5.1401 -0.65063 -5.4306 -8.126511560764808
-2.1786 -6.4479 6.0344 -0.20777 -25.893226823821045
0.0031201 -4.0061 1.7956 0.91722 -28.813415374143318
1.2309 3.8923 -4.8277 -4.0069 -0.08538428990305036
-3.0799 0.60836 2.7039 -0.23751 21.2556030522657
-1.239 -6.541 4.8151 -0.033204 0.6081926763710328
1.6799 4.2068 -4.5398 -2.3931 -17.491115922630833
-6.0598 9.2952 -0.43642 -6.3694 24.427286933447903
-2.0336 -1.4092 1.1582 0.36507 -1.6277330535003074
0.75108 1.9161 -3.1098 -0.20518 -8.850029268254506
-0.55648 3.2136 -3.3085 -2.7965 15.152761685421105
-6.7526 8.8172 -0.061983 -3.725 -24.50177857152886
-2.9883 0.31245 0.45041 0.068951 -23.90862891060575
-0.46651 2.3383 -2.9812 -1.0431 -11.413524761912054
-2.1234 1.1815 -0.55552 -0.81165 -29.03906796207633
-1.4233 -0.98912 2.3586 0.39481 22.751240799246084
-4.7331 -6.1789 11.388 -1.0741 16.28124865581261
-0.036127 1.525 -1.4089 -0.76121 6.677011206146901
-3.8203 -13.0551 16.9583 -2.3052 21.11935875206308
-2.899 -0.60424 2.6045 1.3776 -13.872589265664875
-0.17296 -1.1816 1.3818 0.7336 9.155916277438138
-3.5713 -12.4922 14.8881 -0.47027 -10.489154210048287
-1.8483 0.31038 0.77344 1.4189 -18.4510724759509
-0.50816 2.868 -1.8108 -2.2612 -12.207856298393526
-0.90784 -7.9026 6.7807 0.34179 25.49909256599861
-0.93587 -5.1008 4.5367 1.3866 11.409870724848616
-0.8172 3.3812 -3.6684 -3.456 -12.686082489311595
-1.2792 2.1376 -0.47584 -1.3974 17.39818615850524
-1.7713 -10.7665 10.2184 -1.0043 -8.322191494385418
-1.1022 -5.8395 4.5641 0.68705 12.317708039622097
0.11686 3.735 -4.4379 -4.3741 19.62865072064467
-1.2369 -1.6906 2.518 0.51636 -5.013797701755436
-1.8554 -9.6035 7.7764 -0.97716 9.798224531731549
1.5077 1.9596 -3.0584 -0.12243 -24.294361252760016
-3.9934 5.8333 0.54723 -4.9379 20.31595805570044
-1.7976 -6.7686 6.6753 0.89912 -2.7122206281801056
1.0194 1.1029 -2.3 0.59395 8.83644284909343
0.27331 4.8773 -4.9194 -5.8198 -22.446284304613236
-2.7028 1.6327 0.83598 -0.091393 24.38792639148118
-0.014902 -1.0243 -0.94024 0.64955 14.02422366321452
1.0637 3.6957 -4.1594 -1.9379 12.688978131905067
-3.9594 4.0289 -0.35845 -3.8957 11.995322676681845
-3.7747 2.5162 0.83341 -0.30993 18.98928504083591
-0.83535 0.80494 -1.6411 -0.19225 -20.436293247924105
-0.60254 1.7237 -2.1501 -0.77027 14.340683635236587
-2.0441 1.2271 0.18564 -1.091 -20.477335781660667
-3.2305 -7.2135 11.6433 -0.94613 -27.478339139270666
-2.3147 3.6668 -0.6969 -1.2474 2.9486595136759135
-2.0066 -6.719 9.0162 0.099985 3.17751752439942
-3.6012 -6.5389 10.5234 -0.48967 2.974300501543077
-0.82601 2.9611 -1.2864 -1.4647 -9.335341981778033
-1.4454 -8.4385 8.8483 0.96894 15.977896760653863
-2.5373 -6.959 8.8054 1.5289 -26.22529700267447
-1.7064 3.3088 -2.2829 -2.1978 12.186943691258293
0.37637 -0.82358 0.78543 0.74524 -13.831804503992533
-1.6001 -9.5828 9.4044 0.081882 -10.18677243942967
0.12126 0.22347 -0.47327 0.97024 7.563894685548227
-5.119 6.6486 -0.049987 -6.5206 -25.098170635702136
-0.69879 -3.3771 4.1211 1.5043 4.769171690543672
-2.6649 -12.813 12.6689 -1.9082 -1.9860333085563084
0.518 0.25865 -0.84085 0.96118 27.38222528799507
-2.9821 4.1986 -0.5898 -3.9642 22.04545501513556
-1.7101 -8.7903 7.9735 -0.45475 -2.0932070074872087
0.74428 -3.7723 1.6131 1.5754 28.335220041846853
1.164 3.913 -4.5544 -3.8672 16.79501742200366
-2.5919 -1.0553 3.8949 0.77757 -0.9454320723475576
-0.71868 -5.7154 3.8298 1.0233 -2.2985484366435784
2.1943 4.5503 -4.976 -2.7254 -26.646087564055485
-5.637 8.1261 0.13081 -5.0142 -5.494859718865307
-1.6706 -2.09 1.584 0.71162 6.375236662567183
1.2198 2.0982 -3.1954 0.12843 -12.695608920850681
-0.40857 3.0977 -2.9607 -2.6892 -5.101671652792348
-6.3679 8.0102 0.4247 -3.2207 1.6628962248024806
-2.6864 -0.097265 0.61663 0.061192 -14.120150928343273
-0.29858 2.4769 -2.9512 -0.66165 11.387270403456299
-1.9881 0.99945 -0.28562 -0.70044 25.0582636523334
-1.4375 -1.8624 4.026 0.55127 -22.092711506501956
-4.6765 -5.6636 10.969 -0.33449 -14.52446335726852
0.26637 0.73252 -0.67891 0.03533 12.547168064376521
-3.5985 -13.6593 17.6052 -2.4927 -19.412706350243838
-2.3629 -0.10554 1.9336 1.1358 -0.4610989259273808
-0.40951 -0.15521 0.060545 -0.088807 -19.265809704641967
-4.0214 -12.8006 15.6199 -0.95647 -28.933430764126868
-2.0046 -0.49457 1.333 1.6543 2.700143307067556
-1.6386 3.3584 -1.7302 -3.5646 27.664284618904688
-1.5877 -6.6072 5.8022 0.31593 11.864026988979894
-1.5228 -6.4789 5.7568 0.87325 -7.307918569471482
-0.49081 2.8452 -3.6436 -3.1004 11.396741186173209
-2.4621 2.7645 -0.62578 -2.8573 -11.540286902686518
-2.3221 -9.3304 9.233 -0.79871 -20.994727118547786
-1.6988 -7.1163 5.7902 0.16723 -28.218600457486843
0.33325 3.3108 -4.5081 -4.012 -5.472159625622982
-2.3142 -0.68494 1.9833 -0.44829 8.863737022785372
-2.7611 -10.5099 9.0239 -1.9547 2.214702538593066
1.0117 0.9022 -2.3506 0.42714 10.232936572925333
-5.2049 7.259 0.070827 -7.3004 26.900371871735572
-2.565 -5.7899 6.0122 0.046968 -9.314980032891054
0.7049 0.17174 -1.7859 0.36119 -6.1007079336110195
0.6818 4.8504 -5.2133 -6.1043 -10.927799221001347
-3.8053 2.4273 0.6809 -1.0871 6.283592474191565
-0.87874 -2.2121 -0.051701 0.099985 -17.337593200041983
0.98296 3.4226 -3.9692 -1.7116 -17.360383000010525
-3.8552 3.5219 -0.38415 -3.8608 28.631445109159927
-4.7462 3.1205 1.075 -1.2966 18.136943229152237
-1.7549 -0.080711 -0.75774 -0.3707 4.715564392836676
-0.89542 2.0279 -2.3652 -1.2746 -24.36089748923404
-3.2778 1.8023 0.1805 -2.3931 -20.527465914904354
-3.5895 -6.572 10.5251 -0.16381 -6.023994611093389
-3.5741 3.944 -0.07912 -2.1203 -3.8054537529641017
-2.2617 -4.7428 6.3489 0.11162 -2.465304459584459
-4.0218 -8.304 12.555 -1.5099 23.5351624293462
-2.4941 3.5447 -1.3721 -2.8483 -7.974919466807254
-2.5665 -6.8824 7.5416 0.70774 -27.766810798031493
-3.7573 -8.2916 10.3032 0.38059 8.195101949396893
-1.9725 2.8825 -2.3086 -2.3724 -11.814260577113764
-0.82053 0.65181 -0.48869 -0.52716 -5.360596631020126
-2.9138 -9.4711 9.7668 -0.60216 -21.069977739735634
-0.8734 -0.033118 -0.20165 0.55774 -16.93548491294223
-6.7387 6.9879 0.67833 -7.5887 12.951280510169475
-1.6641 -1.3678 1.997 0.52283 -1.6210642078050412
-3.793 -12.7095 12.7957 -2.825 25.16995887129479
-0.69078 -0.50077 -0.35417 0.47498 -1.5897849790891811
-4.3967 4.9601 -0.64892 -5.4719 1.8525652037956277
-2.62 -6.8555 6.2169 -0.62285 -1.938857754438203
-0.71494 -4.4448 2.2241 0.49826 -17.4248887256494
0.61652 3.8944 -4.7275 -4.3948 12.632144591713008
-3.5798 0.45937 2.3457 -0.45734 28.853920738962906
-1.8356 -6.7562 5.0585 -0.55044 -8.387765724801014
1.3403 4.1323 -4.7018 -2.5987 27.235489574613197
-6.5235 9.6014 -0.25392 -6.9642 22.12999648194966
-2.564 -1.7051 1.5026 0.32757 -6.204461850336912
0.23874 2.0879 -3.3522 -0.66553 20.072324152911882
-0.77848 3.4019 -3.4859 -3.5569 4.134243933158793
-7.0421 9.2 0.25933 -4.6832 2.887974447134944
-3.5359 0.30417 0.6569 -0.2957 13.287268740133626
-0.88728 2.808 -3.1432 -1.2035 -18.02271926862318
-2.4458 1.6285 -0.88541 -1.4802 27.41558975198007
-2.2811 -0.85669 2.7185 0.044382 18.130805197077827
-5.0676 -5.1877 10.4266 -0.86725 25.991129935542574
-1.1306 1.8458 -1.3575 -1.3806 -1.9446582994875676
-4.4775 -13.0303 17.0834 -3.0345 -12.66401196754597
-3.38 -0.7077 2.5325 0.71808 3.3966627144342567
-0.77688 0.13036 -0.031137 -0.35389 20.76590814640928
-4.5531 -12.5854 15.4417 -1.4983 -29.852341685953874
-2.5084 -0.22763 1.488 1.2069 16.471258111096574
-1.8974 3.5074 -1.7842 -3.8491 15.508545797224215
-1.8387 -6.301 5.6506 0.19567 24.343763131869153
-1.9116 -6.1603 5.606 0.48533 -1.9375054392985938
-0.87834 3.257 -3.6778 -3.2944 -4.253287562996174
-2.5463 3.1101 -0.83228 -3.0358 19.826354508487356
-2.4554 -9.0407 8.862 -0.86983 7.989450986792043
-2.1241 -6.8969 5.5992 -0.47156 -29.033259025506897
-0.071503 3.7412 -4.5415 -4.2526 1.0165930463191408
-2.3675 -0.43663 1.692 -0.43018 -0.12642249300003883
-3.0986 -10.4602 8.9717 -2.3427 -4.823815763746207
0.56232 1.0015 -2.2726 -0.0060486 -18.44381033360935
-5.3012 7.3915 0.029699 -7.3987 -5.828416753957882
-2.7908 -5.7133 5.953 0.45946 -9.112971376158733
0.15423 0.11794 -1.6823 0.59524 -8.954683015912217
0.2952 4.8856 -5.149 -6.2323 11.261993836035202
-3.9933 2.6218 0.62863 -1.1595 -26.84902425574682
-1.4094 -2.1252 -0.10397 -0.19225 7.627445119293824
0.52374 3.644 -4.0746 -1.9909 0.8561618929259893
-3.9698 3.6812 -0.60008 -4.0133 16.61952314461997
-4.9447 3.3005 1.063 -1.444 -7.887869841513989
-2.1674 0.12415 -1.0465 -0.86208 24.777051710347287
-1.0802 2.1996 -2.5862 -1.2759 14.045184505095051
-3.7244 1.9037 -0.035421 -2.5095 6.551462476595667
-3.9297 -6.0816 10.0958 -1.0147 -12.868962962220579
-3.8953 4.0392 -0.3019 -2.1836 19.647828918377222
-2.6406 -4.4159 5.983 -0.13924 12.796481836817257
-4.2887 -7.8633 11.8387 -1.8978 -6.06568739651183
-1.1188 3.3357 -1.3455 -1.9573 21.746443184616467
-1.5078 -7.3191 7.8981 1.2289 -5.002445739886689
-2.9498 -8.273 10.2646 1.1629 -1.4889318343953697
-1.2667 2.8183 -2.426 -1.8862 28.895075234090818
0.66365 -0.045533 -0.18794 0.23447 -6.086244077383366
-1.9966 -9.5001 9.682 -0.12889 10.138304521216575
-0.025314 -0.17383 -0.11339 1.2198 3.717446981647882
-5.525 6.3258 0.89768 -6.6241 -29.918379943676136
-0.24037 -1.7837 2.135 1.2418 -0.5405870575691587
-2.9672 -13.2869 13.4727 -2.6271 4.682375914165853
0.22432 -0.52147 -0.40386 1.2017 14.027403814222367
-2.8619 4.5193 -0.58123 -4.2629 -26.654355916150514
-1.5681 -7.2446 6.5537 -0.1276 -19.336361047246676
0.2346 -4.5152 2.1195 1.4448 -29.262364181094064
1.5514 3.8013 -4.9143 -3.7483 3.170787004946959
-2.2625 -0.099335 2.8127 0.48662 5.42049702331699
-0.95923 -6.7128 4.9857 0.32886 -6.469439665422357
2.2279 4.0951 -4.8037 -2.1112 -20.674801642620565
-5.3857 9.1214 -0.41929 -5.9181 -16.32645435961222
-1.5851 -2.1562 1.7082 0.9017 17.881612611045952
1.3183 1.9017 -3.3111 0.065071 10.51850489709598
0.11592 3.2219 -3.4302 -2.8457 -18.304674240786465
-6.1632 8.7096 -0.21621 -3.6345 -18.72254243899845
-2.5899 -0.3911 0.93452 0.42972 -25.39640964583387
0.066129 2.4914 -2.9401 -0.62156 -9.116474027203292
-1.5732 1.0636 -0.71232 -0.8388 -12.990677997033924
-1.1667 -1.4237 2.9241 0.66119 25.70424701250893
-4.5046 -5.8126 10.8867 -0.52846 -24.18718731406751
0.40614 1.3492 -1.4501 -0.55949 -13.788469728251304
-3.7503 -13.4586 17.5932 -2.7771 -13.983160690068978
-2.5419 -0.65804 2.6842 1.1952 28.155528419839392
